801571367703355392
843483579698962432
849569777232334849
733710370569883648
722782685471465472
735106736332410880
722783323894915072
783579444648747008
774723262202912769
847717541820604417
818723603558506497
845653736756314113
965066760
2951942165
267390486
4856615447
26876962
242281517
195830320
432585778
2676596791
97651260
245942272
22411342
4839980120
3438320729
18149467
4863655003
86868062
94050400
2848191075
1114745443
86598245
4924367464
18539631
321499248
23786612
2711481463
82329216
732131602952818688
763444090226692096
815623724691050496
724170296425615360
820300784386478080
826099909942185985
818221713045540864
742756862232285184
2397563529
832702599761580034
333556365
14340238
2886684819
973979798
33481368
4181809822
4847708832
230180013
2860898992
888986803
631127219
973970100
1249618106
9618622
2698686144
3434532034
569481412
359371974
6398152
4181673674
3445635795
2382242011
3034951389
15081182
237202656
2317662440
2834007274
1744621
173074162
3439319284
44420857
706196974593253376
829975272959123456
17052419
832451424546021376
831450923247427584
3060550916
788341083650547713
744150240136044544
726635504746143744
1913796871
1856980754
1605693206
800341636697833472
2590242073
778473619357855744
127962404
23065897
917550380
2446797102
2890727218
327921463
365489983
2974764863
15228746
130199886
27720015
2929573719
140540764
2844854109
294566762
910394737
4882919794
1033676665
18475390
2441979264
727961921593454592
753653465730035712
316790657
839109575055912960
762905030630322176
44621190
760528646419382272
768815747967643648
839770950321176576
807367017179164672
64827786
711882016640335872
936668570
3111935387
2580751261
2477310884
758174738858541056
1143719850
277020589
172635054
1045816753
555031989
460027320
120206266
38824384
2374416325
806071467242881024
1041888200
997166028
2351281104
4823799250
24777692
494810594
83236323
23478246
799612091254669312
921935341
14855664
303791088
166147066
555024379
1086095868
