768815747967643648
815817107942375425
829975272959123456
706196974593253376
724170296425615360
849569777232334849
843483579698962432
801571367703355392
723620328359006209
717203908456792066
716748714279350274
18814981
63666185
851844948123168781
736399368
1935486475
965066760
161796114
2951942165
267390486
3224997399
4856615447
97541145
722782685471465472
2951910430
26876962
2697803810
14443047
844553153873874944
242281517
313337389
744150240136044544
195830320
2210767921
432585778
4925067826
726635504746143744
68648501
2676596791
3865873463
742756862232285184
97651260
245942272
2409446473
769560937753939968
805530169297539072
58049101
722783323894915072
291633231
22411342
3626095697
949608019
349334612
4839980120
3438320729
815623724691050496
18149467
4863655003
436976730
86868062
818221713045540864
94050400
1621127264
2848191075
159865444
86598245
2989291109
1498695782
4924367464
4646968936
151614569
1114745443
712073638548152321
2280871022
18539631
321499248
23786612
2384238710
294935159
147697271
2711481463
3332307065
356089470
2617350271
82329216
733710370569883648
762397937028599808
725211981276418048
815962885734223872
735106736332410880
784005281286066177
784928874358509569
732131602952818688
2397563529
826099909942185985
116783755
44621190
832702599761580034
831140231172726784
820822691846430720
549288592
14340238
762905030630322176
2886684819
791560747151011840
333556365
973979798
33481368
794285296141684741
3333153436
4181809822
743083397988376576
4847708832
2817467040
115628192
1266686113
336465057
3159457957
51758246
752453715693559808
230180013
3277010606
2860898992
2980817073
745170672465260544
888986803
631127219
973970100
807367017179164672
1249618106
8595132
1418253500
9618622
246497980
2698686144
3434532034
569481412
89526469
6398152
2958064329
4181673674
839770950321176576
715630564938817536
18629839
740199881990676480
119098578
3445635795
2382242011
3034951389
15081182
237202656
3159116000
3077749475
2525357287
21082856
2317662440
776709
1540864747
1108724970
1744621
2834007274
1913796871
107414769
173074162
3439319284
16055030
44420857
4784041212
831450923247427584
832451424546021376
17052419
783579444648747008
854632340471111680
770306166907871233
847717541820604417
818723603558506497
774723262202912769
750413121953685505
4827893506
3060550916
812914642066341888
4786507534
788341083650547713
715457625526312962
390191371
1856980754
839109575055912960
280047371
2293288213
1605693206
800341636697833472
61591317
2590242073
778473619357855744
127962404
1276356900
737142202481016832
1069351
23065897
917550380
510335277
2446797102
493241646
2890727218
35276086
327921463
17509178
4770539836
2974764863
365489983
2824790338
784091576150716416
2903707460
298093382
564165447
15228746
748129274067025920
711882016640335872
130199886
164350287
27720015
4202663249
1200520526
39121749
2302561110
2929573719
140540764
2844854109
4829770077
2928361824
2840214370
14312294
4166611815
294566762
33509743
2956754800
910394737
4882919794
40198003
304877426
135311735
1033676665
38148988
18475390
991722878
2441979264
316790657
727961921593454592
78068098
785800811297157120
851703460122816512
836344226719858688
753653465730035712
748601800941400064
220647809
729334791229845505
840970299113910274
2889763212
4407196036
11946382
760528646419382272
846415187246755842
973969800
1440258450
64827786
752972573865046021
3111935387
936668570
16087964
2580751261
134802848
2436625314
2477310884
142738341
758174738858541056
808717321426599936
779344994868035584
337716648
1143719850
820300784386478080
1954927531
277020589
172635054
1355015600
1045816753
1071444913
1042940341
555031989
460027320
120206266
25568187
171112892
104222652
38824384
2176505281
258629059
2374416325
806071467242881024
1041888200
1706420682
539779018
997166028
2231335373
197962366
4855723983
2351281104
4823799250
973987795
763444090226692096
100800987
24777692
459817950
494810594
83236323
3091054051
3309384165
23478246
854225576005173248
799612091254669312
3326836713
449842153
3127184873
921935341
14855664
937146864
3094465010
14097392
303791088
1075766263
2570992632
166147066
555024379
1086095868
845653736756314113
